15133131485693742671927611437723875040795936614952021433095491697771641505068522324544251327686072094889927272609703440651692796021701555850206974470662470371375878503328441106387995971886227953249110296812742757293259576705223367223545144890580861534128823673483045008344293595038182272487209454117891957442
40734844919971940762202528527861769690409555381209051056857033684484593232276741636227146923118948626772582711758716988618732257205734685145982655677192033988842285143863637136847128593612280443625692396006283541165445316106476494172915517869440738559529408358964421766627332432454646683869704978003288135126
15745840033846965264616639941119033483877582192242587569239531986116183009504207323027771311077442719009244838589647365248099326606920632996086677466878262492686670274703455237604414076753498406814703480666529718390613150270000234057157215269742488966345622144708871407747848529026585571348788249005964851247
89113516451673907876419155041270094875625544751490030097187059401873543312363820146904386874104424351645591644942102094736672952069562362767164901696271774832864553748728400688394806978828595671681168544849539227308442167226593285611684304588381433232094031728783365057791792786068306196066868489695286514720
30616695348709643421302966708259425988997068747543438336884597723698047833126511402848404169748674284992025259157980388270692468965104328904260651176397553592466008787824628090106361075316262098394206839809082367453738031649686102266684316609697581405244545199056891596316623023518261435779807942606003884564
33030877952905315957859320741991326799324038863747338847699822845632485247516368886983643549094749080580340166322534846958985201179981433739087236835378966491972430759584143303456217386855364539661720059510538603126541659805931061004689210501042192581276180438619710935047224423039750062069828069238639466165
7226739537588646488366473897756775379584926796503100417062971881353817629451760075456866572274420230340907857507014539172429242446006076847673000459591197556543968678587231314243541703773718223290558878367314739533018336815870811652345107621692370034464012959555247196993381439105179183467589453258281165056
46029538297096424498342397674241495636713656018654207100599406245091888923448855474098218092407986845116700778136034633911982545045008774580327689285927288868119236282907326876177703940608693362990639134679508326036623241800384595936199030637646453345940964776943136968174203216758787552486581667487745126861
24064805890074675182679877977089565577791405072719225416705085813865491533063368189475429167659926112031985389489462998413239129092235687041300037919375865688036145151933749594842014130353234361956932331551906142852449929832766364404079098887726499669288818891545252088044186432541224371661178479957721448601
59155146678591516912760801523479836043642115961786740004179784994062288444434578690192921069699291075161284917716263643537679325308541252098075466029226743909914891395347228723137072098707896869290811812997869836311683631779462434870241290455365251104363399703598190351926331817118785886520329097744637144246
39877695264064788215136419320769860037357058555246683404723593393556957254074534288705356264316473788838276732784096483856058729845860641282966781470894986027719038261738776066645159587838362455847223635848524827435739297580409820636273168811474032280976431573137120234451088254110681196179117683354734805875
2991523777684398523906244099251583646120581226641377524946828907817677823433683442176922767357174945710792746824033450332205994624935142358499779661165790275769125228796221917109443098401208617539650596771987855208124187524414402007747916479603093655845086020964424194781047891995706608207270363948819641219
72373259031474164272465680849903627355436719828470508450272563483729887931557774157907153604730973946422504197061007384883650752194433255401619426209605936498576360273753758521098046944077399700430837351430591387171845548050556785908414614639117019764301471692545773046081472313650818749593573338763580517742
36636812434251267286242268176630641738798018284106487882927137586593291961104182456193336588825038328013460411171770339873203984513574972359240746245189273838973800299186888236605004514346324714686336538880686600485811466376898079182463589821189985596026053206848780190011458257122367738844649017240355286361
81094511675575797667442994708459201721441247091485041938722953009776112257658983669679837046459897135764660662239185119447859791509514798045784969020144329334090863229245773174978676975531616512925394862310776604354635266625202734657054493531641211193294081546424535372563309706589726186214918780063686931403
87973525840284289374339244363057553848519945416385133914929922487875637391951844620610299099672007709718418593569369707848514955095960043797968528157279420027226972198568030852736069157384731143779664897416482900877440277344052081179785699075690204234483426818324043256704073445860563681620898272797663901171
23398118118233979197061738107620495689338051903475168642816951815086126759213151602923112793104303201218344316394959468247824192933583312076159437017962822202547885136085612352663623589584205600388809626933922939687932034588625640299126801618925086992200032766823959120629313880972541738733140020882320773056
63017517066632968269518376919755204361691116834606285916438721358797730256156714097839475767047216332762294466315319764480183978665942678925922771731242477832847227873091122940622482000154199315883599559739332798392008211351880863718715626261163048189888976449485355106215559165823143111700283354578986792874
72179054338354692863638615429743327124500217934717638173127085090526585889513207159533416299996101438271324207017839769657279150425650715643012426739795255380491725960191712910013360812476026114092113601466524763961457292829127460370695173886307630030207437978036604087719189608555239336941397313384290627306
77757861739507620982228637071809768276949485204794703353346004438564563989707782515372164538714685346388996980657085799833785653814024343756676820001178847402194913433020739219408401148569702189276926735287279388332589012807025137630711043800409065421830798633300514645962651218868620957832195370568417676694
36857094144398538697459053665324906830548463948190296229903821064288448321494833024093694690318058272745403453911036950928810145544267911102893925620433412377259840339841242693500569825641776231901280313278654760110763761601573322936174966093607028161149610999654503199242756570832447638758485917649727303770
63403100572055192645175580170207912130391689123014498888847979434889034447543213765046353505157591465463514977151035976479509962800647634365844253344898774183472519288415495525489466247887596194877911719205373277625662079577260453593841375859868541182362834420066110519870890884418761355731832871150956505112
13620207525939552878802072003869381764205164032155347502638209075312251918223096157314188562236888178344742371985608025180103512043264808530511823262057051267481192855744257602765010859137664320879047444151982767980874807993046645507304062846257976888039607065538335016833303715759281898331644146799601265738
85006478476473813506725616364070918137372649563218064637212122791828620471344537751157422401526542797710505219451092054238210809694498684736135277007225704541324260166279553426589186550837508753358070715329719510318050857736497428149527705243186054433770834548077512981106974064875395234093479356393573232860
32120239241040149900984824961910059365128977140543653069016561807389680608673542565963814083921433407608724552532859047187394405135755856560615059881680541176560667815432236611481688233557499474621132780503044707849005849466914039031053404805055698558125636688079715193320856491618414133282126343335632777446
8171630317246396750154915485537874494892005354125938054262852676562524939209376530887900480265647298549652710518756331318563644426145610722072811231639000807717325049036282943928411636687407392008132289473712067219401835506332804381067989135626725619429239255878836375217848249900154442951527667286480794167
53548533066195833264079946351117511823096144849196670983540337433882317677037178235624066177152033970382859828388892895128416283384582389353955268562186743357033247127845429117336795063788481288735779813975820875637019667947131505367287759526642491100848296153803676775177514053390986347155995087362219621606
3393153916898116943229356650699838340063338534683287887143772881780855617336968928226459263159374057683093100948559549450618949714661672820226991293490249362909703139624717625755382708712108168358468400737277671421813494228805930102867823445957430356972421366709882838562678292558628890981235610285007503552
65095040227124344916434518932533627175887755785894767607943157218887755299861618556356121419142161598859349566440992492414527243678507330631421213839913314865456052340721877640238516342372091899515784309555295275804805969239383606100832504494809184128353654998359433425871023040351287549683563540719262705483
83635489565406138782262054645282866133619536340700310154125122563545664708043564789979114052257455968220972368251257915931888230149884399222191823053436761818418114532356448539623789080546529648807258272429342700071900836739653132774061830379244179030870191427266376637441722134183258826876985015661809598308
10587051492707899532535368130363555749346453688053639848207727312571571552848499159318801627161154399161439912550246760842058112167851620309802261705011365968605464065533908978939618749288037346050382251671083763844236746963998387804882070722129756518272784289160273115394647172880489529996268126523416605480
51447261340133190137014657296549750088781126781657799410981596857260574216356531054788704846720642598634700732152075879212658966674945242567797350231323689138885628738150315097547003134955455418231289080078595753405059027940914832079303206201194116004892226781922127237115494529550081296434360732546220919780
50290622168628003154895023252500641853469734063264652867566953555063206324638625185893331112696397945272981557176953984337494591929757996768792203313717981851022636848299170727584475805252567665553999710410218301539820009296082819825158179385935623264144808506859915499104174849570496007271360873801171687574
37678356039645641277075931657606812396224712967245542392726131979240489943785465033455040377450158801880437057984578057077191708159735001856222436270420211941252881764200027593018819469190096247641728118598432434440190634689935174450067953963832333215494311451399499313622579766079068807893533316102781162765
40004412727714723450167452906362156683221783657594225577941963866524067165603875265255380326100487070636347843513636059887355316336789248981648983351807968022002891624367727514979309482619428438345751301557587868552521037581532529509448535338433343429234687502644405405098030868036220563093622223629261981652
65014002405805873600966188959516933430736595650283322513674130906007174540950209339028563731238773689189577972347304116671578943936310567839802130250345498559994099246592731350100934539066655926678855442092483588734116184854681499693134533892924692417859772352966678369921269572078499275257526006897216697188
52819746339016058309163510005180279198177337643635727499916146918344296011728239417099269015243642644953527319406753176995016901245854459428702594171610538873102062519208027885539568430009024600323850582513844490533481601801613246932356926471670612823866026042916091586724277567547573728572073310607133674720
762172362827049658462656332794435190174620107443453232193779142399973090654199175434591515311681994908559631085075487281297421076462685687913190129514307675234178769836756414367611066267889714684363880674528876704305417130149270363544259827001339895442437530897723835853273805816678246389760586387154995025
1634605671527649553835498067074557139831507838251323160769727889397843367107028432584856182894669260235418118371214831988362732299562954882483471200748706021247797146467640360590819094297819775420309876101572807052425899715863241056993896581071361978208009326608153862178693825996681945110731988306159723997
7194984199697730308608976143987360469424882503139246941245074117539934088620395329484427304995774868484392670649242152310802948227946864215074680724837866402743407807553228754703644460496997684509699774313509763525746785750058459151021770630787357202751161918228394189007470596753911840542692304793338761159
62987223163122859745011541089490835635139642081442341412059603402071479678941372777051412630695436575693050132470649834408682465603550215467694421159550073284334533074993735854581258597300334648268026190463854988205155945454429329363374378576214333244034113929466923647422905621406634807896527353177980655026
15891411673286154819347971584206670091912267467526891038716175957436589427989504611683211800433436807663595946999220888754258316126495063076815773138398479702464149034492360483016365066796235773355370419908580798413225023821512314331484821170670739541112311855625903324945588587629512911090748188009321114062
23822193496870260906737787914617159883285633174509567866683900556595511387740720562522041360969703812316490377982850263946825832068153491456520301440305512422920651710357088476895368540240266362697585089329492499455430280752406472275280056212273925171972492000560941651387602303958025594221550213807444978584
40529147312706556023671565116301083649859102310968868833619998246381612478072118664456130314216288921465165765861280639615907038030809388484223175988008102120071010730871142426088170648572733234020311333112572099344085593219633487055240480344217257855635892372802512340994560364828867965493198449219597150031
61807936075655191616838999359092151831340203583030704801910756640541176670387445675189028757720626439763315559096752670300485315133026722760008046180493719710085835147233478074577967315505838480676801048417456107477482826825723928357607297515409379786927992816172573555410423295720989525394356006806213413884
84968070790820492794315840018647992945715133452430484606979245632502897950647144025117148763806719252775400439349112489065057512336240619178379990329687344886545666290013937070046468162582060346215256662578914212289505290067179292621052570009796605545867230857770197625168269170068383515153987265702736738236
59335810762177686049983764039157530187425049161950674129941512693679525341822771159955107825131912973851308974726165752617120581851230860347194469155822685224823629586970647359131560283975314466839641348033958946624303968575264187615511307447059501998032495926326498291443831378269298027640648493801476159296
11401095863218841833728576470853786882554947063625706623089525970929777775262461069198062596971582044087649949897427340368040487391708489026871027177882025103585724439128514980525981150905841333806274626147556020505846323564425365820522928246073319332375070607391667695565952704094520529661446167633579640809
33632358262092003801431270165820467107674558237307347989610309044626108579952206714612001908519380082381545220414108058035837950214467482158509687563288457077265788409929340403618276795274608077980049797097992308665083407808462000392367132883827455522991760527530912823187337471753689468676270537824566818373
59155998524529374227932678661431975238635746275541048754919138085351954029845543927287976515018768570852938640178936898515164083416527840835891748675814785937539407035883569021379362592353655827512081780737244078905463378295709355767246909230460906288745663186214900947638042002012385726924026539893012633418
13873469334498031340931371367410377589877106018350108255439338830268400068323705930620067553317550075705764208716847032210042011771884019495847339690137229316116908454708951141911746748641654113335072396962948554599451521072049621186853775867092408744849724598219363849086230119345487574826751530888564168067
83973957127966646852562779324265727109159958477438519929639152690236435756787754113360631663407672359890612383526031433670968136489104041909603678011997294736050333656189366788990167966720102832041320426691223945056199677698782283072024964238645330739917525309034394393659140864849578192998268187314241183360
53819922456858291664493567122485053405030114383385453400338278877225124206486369794204586077930521438244787355856987908413239902105933758553116872892045398096643536765573332866444381316711590933375519100497287194087409222640611669554454611017371758699750260707468719880375611423047345634613906458561063197258
58221743518939482126378420160038257491846243777349979858713330779277052106245077756173125304447796899808123241014806377116289687670184941397466582273808053369677484751727974405412856810921751579561211444862230044914110907085023412548549172281499065998726239024569104877203170058600164707227911620618572958891
83967350872177320589469957559836439612809556482393570860137967619874945651601631074830146686541853392288637385892668605505483499317173649747980412260122136979498374183787663963957419588554692182813162321575712772819457441951451023681757928243239713833530082546431803033016363762240978773165937707176187544893
6673795876314649592405076165358532729970984498770249489026648098801668195935089688642763245051655491448822182344781166310808360874844005989197157347464795225108964218116327378609613615344153492056878353647759778599461278907451915633010507964987912029866093364782901991371458016257096485407764318291791410976
93053266051351601794860297486057311679284871965903658208060227320993570813808561095232465404405491695856835944083036888861765396370682776216625855791920271961515605200671815964999131441448383456703279594568507182432404871594527281343732516526340366937500546764692584235568113763289056406991416676543238246398
39340747721927235079201690763338895744881024137469761907519312284334361668597241440962595748309575849167711553830286451913998853163922560395888757061205337049275037337907234861856413100828918063177465062122473832775612059858523319310793716803625046992599501889039390001568849080608958136010647335712284074889
68170158369704545467383789577760541134463214138986527071442115711137506161808903368370029257086592967794603716127228738104067525542720129636671663572406657004793723840077041622967690936902249326916314118287879196704645672188597577458352961462971334444970729393771038135006880339346685703621517195333206210583
29544923917931984742900503879465410088084275440286411552692528662997453550458566418484824956045562449129656791936927177725949411835417261072085498145908938271614239834618919213158102576742717290568713396708059807910337282049494972839344774866560351119269714146881068394457051110749631203818867597762581398791
8638572943277618417554519247744761529890647175412948048538445139902016040165364345632113884712115344852691581297197968207492520376249810401942542108523264270975762522964489731107607730267582680332116853223425561888582149916960048404223163942116855460746645883651559461163767091576774904352121707511281767798
85230577912203291082739449221959107855772060891513400585488711294480071014627919142432230599961693239944946125195256107117528082122312651983427839985018701968838981077074363327683172437861127067009409850776470486652295778433699286766675314858514138591149187518101930090312557663629350820743775925675296945475
27192533151191175402289808049748930634493533593051757308563547124769012429962524003884437168466200709352545562137387841642128082992780715646955189916183485513733381330540573902546616664830493979548322867517607429811535305239527128217037616716228846168931847281904616053756901440263957368636805935708833475942
72072185757267518859830619075643687400397352555897825469977749827512833123583867456110739180461266924836533719644461240946487657826407750237588584159817657222318714950309927478229361502571467833461607780492369500896041945396713773226897217432133936819385810667861671711125917606323168416773712567689155782508
3930680520451660435744998364474000226354292021585871315289684457415836575052131353829965694886222437007438923902010560768055360174312198161701675407477588655342881297053984220521247772770764159433667403760115861090106097421970946496314132424952907220298881009252386519031106464945083888000681942079114210747
26750465753878398405027731972848378538124112038067237967781191040868323251139257204382106043770649790268120560822878565607006105039803576946217528964488002861616690800891637443983232235180019566771382695061337943210463117631816953408438731351863130686851856345473234428599536432223479083465730294221279593671
17818444095643045816134314156598485038756410496881327484535462712711708071024256635137391121134183083465199635661343095247305541070285989724687199657539420904648900487695637451042348918442986141606314743157894078033159946581046219873292686612323571796470261283889544328324521870662036683852328977822344915714
87892851329164150763641705874123531692671092793705457215436097489055867406516716610342400696875805513077357532942649862571595616383050311414689925358926918396745267615205780331287268727897773266238425071746249902345384606518055133909131062274674258971086421199910676299074984810281754992056887258628923540518
11891832930373759804193119597403097485384591195282704384263230545216429156725112214920321155151097975042900912382686639418176807041185485508038360665049283568932543631837730774756666862060116102652748194484633903090561350214379019949564214063799614280042399377309312915874571558671004018710751319547516907244
74878987702926113935569731688125852175387400206140856807626775157091282236040607523314495367111796167345565256345884340648472682807189352491762969808483414173444301883611301525017095203707884345706187984669449949001731597986884983997337532073833993035932951821945968950976962810123306153457233105985361458961
20356733026485650088595915923894406343018412706800347980322837745813795044846330110462018525554218940866300857476912840897603297573883169897250024409127529977848145552531736110693005387843924237527712742656793644330423460199442616714322042706891489325315869409542031605541998377343239857785043295234233423607
62376969424130361580093186203545849320799599140072476800353974247355533846592888146109408547958618558920101534680032603359656169037968123148284954506019868759009059467302189992332800579061257456148544912260527248181902236170524113782879425291773793420222512759269582986690680648420228221159428295914609970832
20707279944920931405396312825330670504923807383429920608774102515830906046987592394921455355532798636805380063760584325060805466094647247678636062459166008166014766029046519715590716448872935089185795594098916629261256172893114712690286872832876100584364287871795212828479924460504912856241509037426511775681
47538223343483936205796217760198903855121153919406771870579786121046117020929441665498322717366313423676733384038703170928337205298530670309874276632371478185364266272813882455334022685600819925244595422622237857947369774688960464555302440259996852628790775095147042866036168778578733806038382931206469291838
32557787118954116318866189072628602255368274464268261839816395650761903086310831700628447508665651170776526894982320281255342207082648102535816880076359499625280890158782434163260648605108305381618802654218951899385403902336067320440651183412280511027812004031379196294846691684480243621982578531855170358783
29130497226802894248720836004961866578060528829285375820847333934300273382380183838917943858434843695813130054059770413691423742940328830003757759949355540086233969691691808770039469318408840940910417282348310147317243081844276919673860549559024900097364499184440013805787284011453296298107359013485285198224
48802549566828319632211233262616577315541465680547459390931489771400466058922280061553220107980891047644828155219281147239361524273532953346629002616677036656493837997347106223388551482532132460034101255515623820544748945900687968468816391260269132026017550450298458194382261586423598437932498551588905190658
52701737015306967669426371231656357314130366692509538991788967624319458860715465483391679521174875338875153777537302856788097956073807415644007655750389017754427130602287878941216541232648823406080951279616453317910422935559110197355348068471454288366739612819980355700073908604170921528160888321521007277011
72248627004542517124029429957373241050734403306023435347609696462652426648441569505197960411185112114443806622869812380832440121020751515385371517004626012564794947985371907219934257160860854541678002772285088996059794320558261103827186335110052146380314680413564549307329666904447450984487957399335939003142
83712739506556030923674911558018442278944125699634106779608543574120344546969618645842593941948504801375783614048756835869274130462556842330311411512601964470738164860761313862486411060816533364972481818939470131672215039780097219863486496968820458811537522349759001311114222610664206474365503139634138771404
27885634654507044563659467004875002939793145123452684755161212147706546509216959989044886672287275208738580499218020850044459319929500602537954016528513574380290299503575891189219495559664441719909935270467048947556036372284525419367516390520720963554585171012573914643685546583301606040294429463861395554110
76481920836019549786387781564320711547051567068563647753955757788132043767886069144666009893884093264184998882133339087188833647863301492504696150944288282082921481373891161792971368663274792092768762390950518405023182931783942946001681732338001424152108097380051877286701738160398656871101719464781276086467
58304883791327966872268775607841474826271603619681773509299524780369786210025115629922311744300404681636652879923737812666751356324646027368331765559104985852809690710569720842705700830161337013474047521951591782424535584743752815185163794386858313711975850660096676741433049362249953922623350364775748563701
4937479967496299493988996307016090458734836772468292183141648259559121268243807207029622041890145358142292828495800891927605081384557300707649739577392065169263342599791481002875428453079041660789473320057420342441899413392535465535497093342083417384190353078139998863681293099708220373090361721709697248579
30459924367226517317608956258532532190157832917605083748317027919789421623082760889414283134397451287165100409837539472792483760641513519564409128651507949175036271060764283760828451595836770972405696705702406038059286838670320266685622898656116977483866117632798732945223850624413177765146525997720003851535
15395506201495633677054397052330638908822740713492412112655927298973661001212770268172270001960573027304388583695561192196832232043369132235694697447124526621216803255388500702233856360363570422121784105606893532614615108983365278229126934076419238143209592510060413087346124249134022228704664013404570615257
37563915618985249149643906097126049913603073208419609504579349006944593429565877114043293293904009231774790859041716542424528230183843679272822516437648866827285086240563267177068946468793664303902111763225812663507044460285220582362489079073141067696314993649762441022043025060294149358083160419323591760639
16733509934512547453619982719146128647525180454052829750842462672421727829225117491842260704507834094937346691132618564529933960650542721111091915325758604095947153300023644605466741007493542386086798993681016720569938637749676495925678485300825719306689326991956202516357848488903942869765888463788617274640
52577881881984703689186349054348552640485173355998319392197941523230055292158673277126662612086970048118991583144067644941262792142856404620433558609914733939233547034842726468362005296537955178072359890149949169119627172572544677067747468206806567285511285090902231081011238217895401454751453175706567904139
80001028638726912322989064917796173658404777995615240220920883807432984913201000700270416854579238306668017901094061456730074109529263677018811468796394598432317079475688042684470845008046363391033641304861226647655599272615238456050855564801981220796919383063054490366835485313782318371750122283140296545154
49404774502688402362676232074515400683103116793285539795076640109785202927981709773745123154143885129412301167482564573328580025248881062394724211279762276152782769818889845764898859687354274586464561246309309537271026233036076837245012144706875615307707234500864021201665918879262477478650154387266284140051
9806060721788421504826059648006560613958968773931540608284307331134527847934148878596792999854591055029573090866313852297903052322616963352147650082060449500189481550610282478223153748496703076454043368373552092008285300653243412436305041025807234579835086065294070400480545466984292197883210776167774683421
9806060721788421504826059648006560613958968773931540608284307331134527847934148878596792999854591055029573090866313852297903052322616963352147650082060449500189481550610282478223153748496703076454043368373552092008285300653243412436305041025807234579835086065294070400480545466984292197883210776167774683421
96719051535108613977241084414896490347754084028048780035472292994119322361247622432113832440374393348673015816555921457082748474267464378627753506438562118853546976846470094064004720231447125462940469604241215717702347012307757015219402293442697684886461846732525414000312250129094044981081333909755604033167
92027260162995726698930288200994100533877332444546523379143977391137040276994677040071416293569679817065251888937674892456318184530817062512824484147338297017417684785174503147598447219229042393086072111540832069227687966499565514332341033200617218420437957931757550610783977395550876941475311639796458044537
30864246595591939019518162743125350673990257588039827807456513335096036360966542732867604766364908722594089877698774236294286114337411672173564449238446575120799119893756849037014076854009894351850053155285492771683633920233087723867790520143989203230907962182490307071691497733117921623754656798229174840801
14383456163945960870414930506932978981490725274251802284305967709958274302796815020133951342632274256794018655742792173956809716869288818742488071590144620458244988289170956858431248415358930918895468229350536470315150303042746340178295956278977524411924090565744724751850117181995550048737920566027772032057
44582465417977905057511957959321356441226545108610060410937703695144561649617984949549106436655821206549313732943921090798642449800963421561199251010527617108698670402816289138944491672882039016494763363024158805231527289749833929650512332389208858874683605844080328695317059017328675485989452782765575461384
40307053666517738359202350943688817152300439810610896907367250434398334008151307585957199506725137031167119198213778545850864903632043822769288994384047850234263085995269175656050855875059446539854409576952753777448439827956992723989395646126533187241638162575089312251052684885201374295720631138493018706074
33209517959516579698249161985019454203104261668637909077030354311142878520082208089265958984879965539710104485845268159745021892568547077079290158961656508532856222563068624972285089861750641785154419551289408070913338246216451667168240052930013344546862527143605340598049037592840771065990201662816877320425
41021848785583181292708825043899788769531047494081963798861919919596333858906937373159381528862500360219059994160271367616316159517156403289468358181649494208927984110040759341009812223315092100612319272064775496201436814174295430917778938304667371805463132847986904385489156029912910728657726227552889259496
38235197288379430257393487652737912221105825893580489060555954874127829352206891867644031905277599205703461608106515174877399443585008826829867457961904080620424632586531785566841607522394379513048909376539751658949739927730083846140535762063349736355144084367485241776224587117378935012744722027371627720516
20859395286776310768204831787760381674292311662857615145367077027950765196024068199385176272939379563367510811798384184746379599422498857711517647193949075728286464275893196880498021365399935894662202938273670614182191504830362835663995023335355778509267869021701364071211557309675569785160857626478537332083
70280158340711354138121113617409747830717739848231494157882402427693207263488776206715833005758730944837165157590020621667267969040032846938041480060017748931386562764904325324375835132871065255063050218656078835667383687392576444707100503622216630492628561021846875701176703495549622045176820133018544675364
72610712311041453751891497340927649820774994946045639273130059870877427921778995401418801706479060698817351116869711153166872489616621798825702304672939316634588838890025688168257762066316127861348107332420309361330548889101990550158882613975735481134950411773780549733170534418479632447954475478846487922527
85457491179312147075012128723219856029399956799835368360094416436074972538059642777466273469122393245916081776564642447696520483608685852983848399875341496752914786086899554479475468357543793106180446320070542781533188284479875534075118868836286928578636937520921738417053421881085290728135486255619047404087
26493677705620602501609958868804968070118961198283984157965778079531454534108317103300800518247830423235817111750480169533827948494581140332916776713721244940665430838005124183278521174986798185472446421422981673312110986641815167649055716385082864448294235282373581171165482763985263208574236991336121127225
20269046705509701222981597135935187417642624200697214046265709120359842803823569989183937789997394022464378119476615649707983712515636913713029067015852231457125735470776425209727835519543030402808235420172264482903821813525260421107215988017685183296889757852088693293818985277900111972485012285183382148884
57458208964488533027857761009256858240135568332582814181716569565620477995568354493178292953206267363514804566144076728107693402804679400689580303311173109299155459457182291616968057850414195444622485123346297407001171412744029893318441274216426928141096182199346884881683348697255754545805093033543181780630
84148562236314967009132726553998451956181100443928538483593483328898274902194251754837592034067729789887388147107488542328143493965469957544068778773108129318223567079393796469447715611562364528435060697062206280887228872759365429283670772554110337001703821666543569784698881440447184146793146905426340108703
37354028531128350057788804196206279142561232389911213149271973321851002599921627004265473742584175143013491880884170577924463017751835738673699784983497415839485213486516538527445857720685748318251012277821968476883263192248114793555185486243032492267233698179500755489539997241108550777978765943912714534027
75569926034477702180769989519583823374695387782173983241470071307641936839353878750501392672558280874027549637145033304428030719281918090393521300309732709391004878956237171722719763238947869184620024759362826041541028005622178634856629585264358779779418512472809415748941480193864077105182458698291254573742
67942241849879457442275452153081450443770658681374144168206063833833639732243429977262739283346439722622917411923377727828398620550589560276378789251461561700138119071795354579991111268735472364288214613795421653487878717436163625882902378801908232047817567853176032993141062946278922274858587711743846404186
9753257666934674466717549085451037987945430431663733193201965124991382942924048950366875721063486760409961523749576483269529985630048040030656994325344204864044523413415787066959796513179906175970006918468906953426281926543825065843908768827979307732724229457022925177107181082713593341787369654564058423627
33914527207338226842043217909607958782671379596043614159988828345279959774901257025885024334181237166188121413738878618612084860577378042354941261033362571050995149626714265141853954872140998976933922763134140299110267983120983983550923846601926126659984050409850937007500012962100229654076961175944743037908
62241903191768494182781846853358418062105278269637932127261594051954371026959410697010104105705792312256566553220751875897204260739762988711313307996624376686428111690533721205787201700425750380136705786613972618602045609920912146044468974517980665301558808598119566027932013374031063870106462417958033664059
31844861567443038793726628557519569861842215206030739740037954073827935973031994499981664862615603388117771122391588393713998923673224261112468886619409251508998174197007667736558844152217016554426960141922684821637331419471559103108738250553733773347563709775889692226640386393866116834788028599395168369892
68090862261145310181960681411650751159211313844076299359316123300496421387174902405678236689185557884480912685353086515425661879070380540897091506192170864791801030758620119349048805989891328935771834914396480458753851865475239400118271017784905432529292864191347105732482585503072590398068861165192834613730
81215367750235425191423477931313311692908427643196372086895432713114091767154671893727789740609206281832725208002002904321965718789984330256900929315327569507182690998501127368175227917705498083162747677138175049250926895761587330283376415628368280207410837275842611675256291556491313264682648119167884180722
17491572468697370922889200647983345651727137469782457327416699871899864558695077208874995844918699707288281800407004727031493631731879226123156695363967440933837491758434926495829404008087984532041404441586069171149527179906523650140532583399155273369700759653945882780949180908189928943224609959142002577382
29268380522771811425208663325268533870726423932168051726154975975386906761850964329259720300159411871200763336409773320032531273666481103564810087049665657096777108763963678012746524007699977935994869482667197381582054921119981033973656972259854633376096532960287857335824697583161683182298331810944615950523
14560016556943359465985172074006943871878555464641364321148441493422941033348959489255360638517606712000250651387005638764918586715207382020688963052874748819756676730764560416565959237761047227952044629084988094076964342053112539685993058472529588053484180426640546542700506994771158139701078577896919591292
69616863538490541539499493566586538069266996559082987726719217281462606664851335844927691913923498314824996195991311307067317880869997208124696562627631495635520586598033096767963601080874998436189222392715365138738795043135834234786728428283373262473103630233513466678350765889533846606584298947438500403453
77370519111673727924509239582857244625144989590938454234809194087768841357412472529999364226775376512719164943181859591026008568142210614889772580487703974481385021115600498402274245681002548898126608456173372552554720753918460347563107082563060575406321825930403122518190896001649686334633492303868180990273
72203454147454078466721206726791212504452083056854936451993075035786007203421725293646435292343401243329506508421341010664815472907438471683019014024882220467527974625637573246053149139322427014937642253036465701689290476951538825678451918708552764964999006712174394598071603126126288239409029889474121087042
96395865602002466368694862406025385289450642798306212567968425688422571393204854068701368449747887881791630651151276747504756634951914722063325098459888427251186029611596774764714589003040849662110778453329586339735306896182506232207264025832016688119167818150500526020181336004837325830477900991405285736293
939343353604267607250948779135272746229187170631158777225118902794869175499518769872111692019560707683312766922256548617506480487769811405331787530763212532208270174920482381176567013745966066605945759474020282609704442065368095233435708975946848565947920522331985878507886570428606429200273183510494377042
15375857986482898897068478041847681444420084996235512536453048895524274930465830932264035005131006528462967788487146515098819600459298554901594530739335698809649401821140436386559875239278859901443128518597603607137111047328850099606220082054110990732812705163498071130685865345660602813472107296651765061150
39406545684461504644473940713134693628649449000457196569193101341981509728284010586320109069558613650224642334836012664702349652362155838164372777979854510149669028499428808541835795025119787884555427827955519799330230685782909993401843567045150155889527244908916801629853984725256946588517148866882153751402
49685406292786307455464576796835821253755597705236520896087019769358965559865797077854083144312068188577880308263224957120744564353494025585181626082581263749045850427078546771337612856202644391745170533765429265012142254982433200470257789740721348873801229113834759980345242071965569341640441381783474984196
8244529822018688411883454965094934347969197252623902615001935928323482530304322523760024498274641688188796226481548796049055819334621984520901970346566202822910015949560713549770776452551911273193409370579150632269553839285901880682608937572414787794926333575647359237690896811733560923455719511039496117050
35162713227618224688895296650234590968367501493757655233683138656752135637309453078366300044893111934929459658691570178746775118766755554848091668036188431184110561729598561047144943147134385220374266970625033151068827879683293284254310990419399545561161903515995033675213045352004677062756737280410777592523
5614117682815852690073236331319305318541428449215941551155796244636513776764546797738907079903521660446203465523117089061007984422773836351072690661199326093977191703945400937507177122483118901414705016536488428118889144238493916322713542271189246257152048465694621630048523537738080415417448550407966180699
96018659098188368549111652351984037947887186194809424041677183439167104527519490073080530927775707287214074125346671882196787577068869528268052836106234794752337838204293196194452844694874771266772598179940580949879473577598940311718049959231605582093156168990927996893704150714374694637320311743214784400326
80755594211007356028115080487343723663996218062571857886867872139244380768767048095179042977620390230981940254620771915504736543944491735719753244090395949022054945053296131187629567859187790482981955236259563679859234110759182728218853326001558701110803115770325908166441030911591785375401090340827077095229
80639050210409972142444924120856470140278810345854244944287509545928277778161218178497604677655220918216912095529449945664714249250296359321778786633343138196482302597142766766051187778112069657534160364335903270045301415476846966362169855713951209897473513477860345569111114803645167475163776266217539591348
7191023002753776138020424459167435374635740669203517955061606208289754570928479098326674775213260446677909645406781961585864317508301989652634326319162624960086974593820141526293148173458227253794844829154864123926317994973111960308943943601978681907070565462320131559151233957497917401681350549480363773421
85567168015486986782241077507930826011653864538381436857428839331916864884268189761840496232303952584192482474476894760988455196852928529180610701885968806375191881125827189787195394180591506518182971845815788641393781485643892753923518576844440801615296368536963897424299057854365715536452809846022083287656
22577945533483891284396913036762758662015873597169165807896644409886466380375349799084718598619192356046453814730141682362012331027845995906272688884761506956258657612617689356470217996247760567287434216008687938045959992305596093489315244605273085023689734565674941504364554321129719608356603424517351967637
65933467514790269291074718631594561823143595610604145784301298907993353716779971707451272446719835326252464532582315921987368881444626729390979690332336109202280147321858126691416720146428624672100212115588148400055218265218777742793902299221292499885049288335178244357626711384214682474395005595713342436026
98231968415085559560972018443621983754302667407793644319835302288570582181044873750883829834174768922581419614462398364371602344774528338572555265242093738140420321257818440286034370463628126093031460902875701176621986041077150452262746398630381233773599353821941910241850902551963800440023647734835155813737
11647738761119037452772895324437483946725322012380216183714465596229114651464069958571614234679941008861124160924976180106098111400653439230197064438470838270132507590389751679360386698737311464611624916308652620119011120908150866967586357427569880896713833687150629747059172157378421879745098146664133394862
52980892655288638987738955285987212309366638651177152463136135557378586029268322547361759332874857230375385623398448454214492988763826976857762596038648671230864994756996907845287105580387691955034651287127132244248866357148136112230961499374522134415666266478052193421877928207486283359353662116045203985950
55057116065789022354326885572911194025070950820918565992085726410763016001588420886990687575054025661667647104719941067518108709919106504790783281346727131587588215594833192923986957723326063771538159464042551800256233358822392922301878385678248469167218729001628568016160342153541826848756608045683620069174
22464353703743422750384685801744918355934894335840728578743530517554050430659444411001305726978783562298559182814196783451211261675615934543165827601616695781638187685879854587733694512390559552900796277436425430436634905338229032999984997021832341013154031745124213531199241322022232480012685904671718110551
87124071738290044458141756032685304118157785194798462939012164057372718370350150303404032735557113824106831701315846615843873196996873749981454574189529201404380517821033846981298581258610354271142497774228140246595906821227253302333827955539242471348938400647404885633564620387046693596612187379467692913191
19334198488476364968900182677667815549246657092471843069258327315324542143182538839651043046644490898940124585992703065350790555640960926594825067681001883564303108342550724847735416396975131396084509318194469817727722530152750657893426554683417880303759292280279744980508180248188993818856364602957127335656
19334198488476364968900182677667815549246657092471843069258327315324542143182538839651043046644490898940124585992703065350790555640960926594825067681001883564303108342550724847735416396975131396084509318194469817727722530152750657893426554683417880303759292280279744980508180248188993818856364602957127335656
85549337249750765322118489172281151965872053148716500056506792863211392427856409871391499045058469689947388001044988158856468062895980803492602258402658794343078395718856818254200241293675717917459900886160590057558249222588039551723923589073794034143449312083434102277166741176266964630175820999969395198991
82884634069842939208583237953636351807534272839714514786106323261665827894661093004742106931269839785340340593140316539379209391270859177536620574673252027725519459550839713417918091653435334966691867119522718590959952246751826486310662719775518177682284571511871772087793362270393383145784543681966403330569
90730801339480037057638399455621868311923542306193768079280243697103321171731278612679107681660017809870616248724044934906247739469555799815828694374345001700904825461377262220587589996066487019164515072577820114592953500941312363043724788957707966631609617672724427014117162630937588092336581503615275371116
10845884613523412944753019556626288615152339333999741213338794462608953706058183371308336953695316874349125201967671872465339015160408824989953954315892773180959998318009012176592051621432721033435892205790750935747939782689165777784242913498156837210263918620043055818813525891501040049929145416543470088335
64024145428345936522624110676660115644070965050393828600063088631912291654775075235902903521845159569586592876507795685141432510225808815698481464226089593133739404473952052641685559107644658284644226497288713043203121845553280312943556968978674868523041740553232000220008323525728289036969943437697897068902
4530443594261688378697513887095889876298988480398988038461152522656141222441582365969099914549717461852260549217760627957497476919123733964579920098615992895916027892989018574804339416699157969903936328004611019322149102707294514139665736261395271530078887921714332297946467862753808530384529109850527203694
33364561103058310887808630521816975690900317627088886022178827993891485079705917530060835272231911565679298271108480156032091343978085865945951888214548208480214759781368968527879947919109360884691153491527733771703570544893231455219325617790258259763994962331476540621990341056710198725471014880808655528029
57162193200816348053399101896022366663293556959590568652010984036318187430623843223399532239107478551069694180480580042793163832458518280640563023862399111441242895948393526247489078318262836210870746775600619791063391018973977644942924500719655309571439402654938105406650269016878065191068928573610781246327
8586945516339521596505040670227142449587336156227686033319543969578659706690349623004974631822208048833547273227627330883668576732394593417208996152077379041691303602369897944030595403337061649184387226877534921763448886904598326445064615734594344456046092712250014125996160892088278144760798203011118386104
95824364948153099768214689229675267299490724958224023639461120496079230828897623361322863212288459567382702577509521933047119088391680294737156219245222706843824558169744683318755557105286330882545336946472201054771281271377273660785934901145963817619320427908331025363407436571799394110243422433697336200210
93764492444338454540318941762245531650395985255312017896118823209975265258042663238316846371239970241339088861251023224508961224545143754393510334783836890695337568669384338381250868459425381828222883000156739491210265955215857192140078094128354585906267658207160018554392445116684350082823166035358496062738
1
